0,461
105,26
105,22
0,404
105,21
0,403
188,42
0,343
0,505
127,109
116,83
127,127
0,375
116,24
127,75
116,15
108,26
108,37
127,122
188,24
0,320
188,29
127,88
127,115
0,374
127,74
127,9
188,76
188,67
0,360
127,73
127,91
127,118
127,108
127,36
189,8
117,10
117,4
117,7
127,149
127,94
116,37
113,5
113,2
0,510
0,496
0,373
0,495
0,352
0,345
127,40
104,112
188,37
188,65
188,40
188,81
188,66
188,36
151,4
188,25
104,70
108,6
107,35
138,3
109,100
109,99
109,98
189,5
189,4
189,7
189,1
189,6
189,2
117,9
117,3
117,6
117,5
189,3
107,9
169,3
170,1
0,409
0,407
114,3
114,1
104,20
104,4
104,69
0,410
108,5
0,406
127,76
188,9
188,49
188,2
188,4
188,10
188,73
188,32
188,19
127,84
104,148
104,147
104,146
104,145
104,144
104,143
104,142
188,35
188,27
188,26
188,34
188,22
188,31
188,20
188,28
127,48
127,2
127,0
116,14
188,30
127,47
188,18
188,80
0,405
104,68
104,66
104,65
127,1
122,4
122,5
156,3
2,21
2,5
151,1
151,3
148,3
149,3
150,3
0,486
0,342
0,335
0,350
109,34
0,458
0,457
104,141
104,91
0,364
104,64
109,67
104,15
104,38
109,28
109,27
104,127
0,332
104,121
104,120
104,119
105,11
105,10
105,9
105,8
105,7
105,6
0,476
0,429
0,357
194,3
0,497
0,402
109,33
0,333
113,4
127,101
127,98
188,79
188,68
104,73
104,111
104,110
104,109
104,108
104,107
127,114
104,83
176,3
175,5
176,5
104,33
174,3
188,33
0,372
110,68
109,1
109,118
0,338
0,371
0,454
0,324
0,337
0,344
0,502
0,501
0,400
0,467
104,5
104,118
104,117
104,75
107,15
127,80
0,499
2,12
120,4
120,2
0,464
0,399
0,384
122,9
104,13
104,12
0,370
110,72
127,85
0,369
127,159
188,1
188,47
188,43
188,3
127,79
127,117
0,408
0,398
127,82
104,28
104,27
104,16
110,17
0,368
0,450
2,8
0,480
127,38
127,46
127,43
127,100
127,120
127,77
127,81
127,121
127,103
127,138
127,124
2,9
2,6
115,2
0,417
2,17
2,3
0,378
1,3
127,128
127,119
111,15
0,356
109,2
109,0
109,5
109,4
0,349
111,2
0,334
111,4
111,5
111,3
104,85
108,15
108,35
109,113
109,112
109,111
109,110
109,109
109,108
109,107
109,106
109,105
109,104
109,103
0,444
0,322
0,478
109,101
0,0
108,10
120,5
0,504
105,4
0,477
115,5
115,4
115,3
105,5
105,1
105,2
105,0
105,3
0,331
0,401
0,359
0,348
0,346
110,77
110,3
108,14
0,340
108,36
107,3
104,87
0,448
116,27
0,355
0,482
116,66
0,463
0,330
116,11
0,391
188,5
188,78
188,77
188,14
116,80
127,123
0,327
116,68
0,393
116,30
0,300
0,299
0,298
0,297
0,296
0,295
0,294
0,293
0,292
0,291
0,290
0,289
0,288
0,287
0,286
0,285
0,284
0,283
0,282
0,281
0,280
0,279
0,278
0,277
0,276
0,275
0,392
127,78
116,17
127,107
122,2
116,18
127,44
0,4
116,34
116,36
116,21
127,110
127,112
127,106
116,33
189,19
189,18
189,17
189,16
189,15
189,14
189,0
117,8
127,105
0,353
113,3
114,4
0,489
0,315
0,351
116,38
116,4
116,77
116,7
116,71
116,78
116,79
116,76
116,28
116,35
116,64
116,31
116,23
116,29
116,9
116,2
0,451
116,32
0,488
127,147
0,439
0,462
0,433
0,385
104,93
104,77
0,472
108,16
0,336
175,3
111,14
111,13
111,12
111,11
111,10
111,9
111,8
111,7
111,6
104,116
0,365
127,31
127,30
127,29
127,28
127,32
127,20
127,19
127,18
127,22
127,16
127,24
127,13
127,15
127,14
127,26
127,27
127,102
127,12
127,11
127,21
127,10
0,459
2,4
0,11
0,413
144,3
142,3
141,3
122,6
143,3
109,72
109,117
109,116
109,115
109,114
109,70
109,69
109,68
104,115
104,114
104,113
104,82
105,20
105,12
0,382
127,4
0,428
0,329
0,386
0,328
0,363
0,339
0,354
127,5
104,3
109,71
109,102
109,3
127,158
127,157
127,156
127,155
127,154
127,153
127,152
127,151
108,12
122,3
185,3
121,3
120,3
119,3
127,45
0,274
0,273
0,272
0,271
0,270
0,269
0,268
0,267
0,266
0,265
0,264
0,263
0,262
0,261
0,260
0,259
0,257
0,252
0,248
0,246
0,241
0,238
0,236
0,232
0,231
0,358
189,12
117,1
0,397
0,396
0,395
0,394
116,85
116,82
116,84
116,13
116,6
116,12
116,75
116,70
116,5
116,69
116,25
116,72
116,19
116,20
116,1
116,3
104,105
109,153
109,152
109,151
109,150
109,149
109,148
109,147
109,146
109,145
109,144
109,143
109,142
109,141
109,140
109,139
109,138
0,493
0,258
0,256
0,323
0,255
0,254
0,253
0,389
0,362
0,251
0,487
0,250
0,361
0,249
0,247
0,245
0,367
0,244
0,230
0,229
0,228
0,227
0,226
0,225
0,224
0,223
0,222
0,221
0,220
0,219
0,218
0,217
0,216
0,215
0,214
0,213
0,212
0,211
0,210
0,209
0,208
0,207
0,206
0,205
0,204
0,203
0,202
0,201
0,200
0,199
0,198
0,197
0,196
0,195
0,194
0,193
0,192
0,63
0,62
0,61
0,60
0,59
0,58
0,57
0,56
0,55
0,54
0,53
0,52
0,51
0,50
0,49
0,48
0,47
0,46
0,45
0,6
104,74
0,1
0,390
104,106
127,17
127,34
127,33
127,25
127,3
108,33
108,32
108,31
108,30
108,29
108,28
108,27
108,25
108,24
108,23
108,22
108,21
108,20
108,19
108,18
108,13
104,104
0,387
134,1
134,13
134,2
104,18
104,17
0,242
0,460
0,240
0,483
0,424
104,11
0,506
0,432
104,84
0,321
0,366
0,239
0,237
104,67
196,75
196,74
196,73
196,72
196,71
196,70
196,69
196,68
196,67
196,66
196,65
196,64
196,37
196,36
196,35
196,34
196,33
196,32
196,31
196,30
196,29
196,28
110,83
108,9
0,235
108,38
104,81
104,80
104,78
104,76
0,234
0,233
104,103
104,100
104,99
104,95
104,94
104,92
104,90
104,89
104,88
0,388
110,81
106,3
0,452
108,1
108,34
108,17
108,3
107,36
107,22
107,17
107,6
107,7
107,4
107,13
107,34
0,490
0,310
196,5
196,4
196,3
196,2
196,1
196,0
0,7
0,308
0,307
0,9
108,4
0,380
107,12
107,14
107,11
104,1
0,383
104,2
104,0
126,106
126,104
126,103
126,101
126,99
126,97
126,96
126,95
126,94
126,93
126,92
126,91
126,90
126,89
126,88
126,87
126,86
126,85
126,84
126,83
126,82
126,1
126,64
107,10
0,381
107,16
188,51
188,48
0,507
127,150
110,2
110,0
0,379
0,341
0,325
109,32
109,35
0,485
127,93
127,89
188,38
110,64
110,35
170,4
169,4
110,75
110,73
110,6
119,4
110,31
164,4
163,5
110,67
110,66
176,4
110,13
110,70
110,69
110,71
110,65
110,26
110,78
151,5
150,5
110,30
110,21
110,16
110,19
127,23
110,25
110,9
110,12
110,82
110,18
110,33
110,32
110,5
110,24
110,23
0,377
110,34
110,29
144,4
142,4
143,5
141,5
110,22
110,11
110,20
147,3
188,0
188,46
188,39
127,41
116,8
0,453
0,500
0,494
127,129
0,347
120,7
119,1
2,13
0,431
176,1
149,4
150,1
138,7
158,7
157,5
0,491
108,11
110,1
130,3
148,5
2,10
0,304
0,303
0,492
0,12
0,475
0,10
0,8
0,376
170,5
188,50
114,5
188,23
188,15
188,44
188,70
188,11
188,41
188,72
188,8
189,13
127,148
183,1
183,3
192,1
192,3
179,1
179,3
181,1
181,3
152,1
152,3
109,65
109,64
111,1
107,8
134,6
134,5
134,4
134,10
134,3
0,442
0,509
120,6
113,1
0,503
0,445
0,508
120,8
0,326
0,318
116,10
0,243
111,0
127,92
127,95
0,420
109,6
0,314
0,306
134,9
134,8
134,7
2,16
123,5
123,4
123,3
0,2
0,313
127,125
0,418
107,1
104,22
108,8
109,127
109,126
109,125
127,111
109,124
109,123
127,113
104,102
104,101
104,86
105,18
105,17
105,16
105,15
105,14
127,136
127,135
127,133
127,132
127,130
126,3
104,151
104,150
104,149
104,138
104,136
104,134
104,79
105,28
105,13
0,455
0,443
120,1
0,414
0,469
145,1
145,3
0,474
0,466
116,0
116,81
116,74
116,67
116,26
116,73
116,65
116,22
109,29
162,3
0,301
0,447
0,473
127,137
127,134
127,131
108,2
108,0
188,75
188,74
126,5
126,2
126,0
170,3
169,1
164,1
164,3
163,1
163,3
144,1
142,1
143,1
141,1
147,1
188,21
188,64
0,305
0,302
0,411
195,8
195,5
195,4
195,3
195,2
195,1
195,0
194,7
194,6
194,5
194,4
194,2
194,1
194,0
188,71
188,69
134,12
134,11
134,0
127,146
127,145
127,144
127,143
127,142
127,141
127,140
127,139
127,126
123,2
123,1
122,1
115,1
2,20
2,1
2,2
2,0
1,1
0,484
0,449
0,436
0,430
0,422
0,319
131,1
131,3
132,1
132,3
0,438
0,440
0,446
0,456
0,468
0,471
0,479
0,511
1,0
2,11
2,14
2,15
3,0
3,1
3,3
3,5
3,6
4,2
185,1
121,1
106,1
130,1
148,1
150,10
150,11
149,1
150,4
162,1
157,3
157,1
158,1
158,8
158,10
174,1
127,83
188,6
188,7
138,8
138,1
156,5
156,1
175,1
158,11
158,3
4,0
3,4
3,2
1,2
0,481
0,470
0,465
0,441
0,437
0,435
0,427
0,425
0,423
0,421
0,419
0,416
2,7
4,1
4,3
0,415
0,412
0,317
0,316
0,312
0,311
0,309
0,498
0,5
0,3
